package-lock.json
  h_d9088715075e51 21,32,46,63,80,97,114,131,148,165,182,199,216,233,250,267,284,301,318,335,352,369,386,403,420,437,454,471,488,498,505,516,524,535,553,571,589,607,625,643,661,679,697,715,733,751,769,787,795,806,816,823,830,839,849,876,886,896,906,914,925,932,973,982,992,1009,1024,1055,1077,1099,1121,1143,1165,1187,1208,1230,1252,1274,1296,1306,1315,1334,1349,1363,1370,1382,1411,1445-1450,1452,1454-1460,1464,1471,1481,1488,1495,1503,1513,1523,1540,1553,1559,1638,1720,1728
---
{
  "schema_version": "authorship/3.0.0",
  "git_ai_version": "1.7.4",
  "base_commit_sha": "87fce63cc77e068f4771edb9048fca9450a3dd0c",
  "prompts": {},
  "humans": {
    "h_d9088715075e51": {
      "author": "leijieliu <leijieliu@tencent.com>"
    }
  }
}